[200,10,483,391]
[201,12,457,323]
[202,12,433,414]
[203,7,407,321]
[204,7,355,337]
[205,0,354,338]
[206,3,396,377]
[207,0,450,316]
[208,7,421,357]
[209,11,386,337]
[210,5,456,455]
[211,1,545,365]
[212,10,371,352]
[213,11,449,309]
[214,9,375,312]
[215,6,476,403]
[216,1,411,404]
[217,3,368,362]
[218,8,373,309]
[219,12,495,447]
[220,12,389,332]
[221,6,382,343]
[222,7,493,491]
[223,4,355,316]
[224,8,539,508]
[225,10,499,471]
[226,2,550,501]
[227,10,421,339]
[228,12,538,473]
[229,4,423,357]
[230,7,461,408]
[231,8,393,364]
[232,5,352,330]
[233,0,510,442]
[234,12,399,343]
[235,0,381,319]
[236,2,373,346]
[237,0,387,345]
[238,6,375,350]
[239,0,500,395]
[240,5,459,458]
[241,6,351,316]
[242,3,365,320]
[243,9,536,463]
[244,5,492,480]
[245,5,446,431]
[246,9,439,307]
[247,6,443,379]
[248,12,368,330]
[249,12,373,362]
[250,4,383,337]
[251,2,455,410]
[252,11,452,448]
[253,10,465,347]
[254,1,350,300]
[255,0,484,396]
[256,9,449,303]
[257,3,487,347]
[258,8,419,406]
[259,0,477,430]
[260,4,511,466]
[261,12,351,304]
[262,0,353,336]
[263,2,380,323]
[264,6,514,314]
[265,10,468,415]
[266,11,440,312]
[267,8,373,322]
[268,9,507,409]
[269,2,377,353]
[270,0,408,397]
[271,4,376,353]
[272,10,526,442]
[273,3,481,369]
[274,5,521,370]
[275,12,420,324]
[276,11,351,309]
[277,6,457,357]
[278,7,383,357]
[279,11,548,479]
[280,10,351,346]
[281,5,549,486]
[282,6,400,380]
[283,1,468,443]
[284,2,455,422]
[285,6,405,380]
[286,1,373,344]
[287,2,539,353]
[288,0,386,376]
[289,4,383,371]
[290,3,485,393]
[291,1,529,454]
[292,11,380,319]
[293,7,390,362]
[294,4,431,407]
[295,6,474,469]
[296,10,490,486]
[297,1,439,301]
[298,8,382,309]
[299,4,397,319]
[300,3,397,336]
[301,12,539,301]
[302,11,433,403]
[303,2,443,360]
[304,1,544,365]
[305,10,506,413]
[306,1,463,307]
[307,3,403,384]
[308,2,508,437]
[309,0,529,312]
[310,6,384,383]
[311,4,543,493]
[312,1,513,486]
[313,7,470,369]
[314,6,502,369]
[315,11,356,347]
[316,12,529,352]
[317,1,538,385]
[318,6,431,332]
[319,8,517,475]
[320,11,413,387]
[321,6,488,359]
[322,7,444,415]
[323,8,475,324]
[324,3,492,310]
[325,10,409,388]
[326,1,486,314]
[327,7,373,368]
[328,12,488,316]
[329,10,487,426]
[330,2,383,376]
[331,3,487,464]
[332,12,461,413]
[333,11,533,492]
[334,5,418,310]
[335,8,548,491]
[336,7,495,494]
[337,4,489,390]
[338,9,430,358]
[339,12,474,423]
[340,0,483,407]
[341,2,357,318]
[342,0,438,318]
[343,6,473,420]
[344,11,494,342]
[345,7,481,420]
[346,0,496,342]
[347,10,536,491]
[348,1,364,327]
[349,10,449,357]
[350,6,384,368]
[351,4,516,454]
[352,11,450,377]
[353,12,440,416]
[354,6,508,498]
[355,5,404,400]
[356,11,550,474]
[357,7,523,481]
[358,9,527,412]
[359,3,466,466]
[360,5,358,351]
[361,9,409,379]
[362,7,493,346]
[363,7,446,410]
[364,5,473,356]
[365,10,457,315]
[366,11,357,316]
[367,2,428,386]
[368,11,445,353]
[369,3,452,449]
[370,1,399,334]
[371,2,420,308]
[372,6,382,301]
[373,10,486,429]
[374,7,351,341]
[375,7,489,391]
[376,3,383,315]
[377,12,448,396]
[378,9,508,416]
[379,6,413,362]
[380,9,429,352]
[381,1,366,338]
[382,10,543,520]
[383,0,533,363]
[384,9,481,331]
[385,8,435,316]
[386,7,394,309]
[387,8,400,395]
[388,0,444,336]
[389,4,501,382]
[390,7,368,347]
[391,7,449,306]
[392,6,449,364]
[393,5,360,301]
[394,4,506,455]
[395,4,490,409]
[396,0,385,325]
[397,7,461,331]
[398,12,447,351]
[399,3,536,461]
